RESULTADOS NAIVE BAYES 

Accuracy: 0.5498181818181818
Precision: 0.5328369688186684
Recall: 0.9450406710726995
F-measure: 0.6814157752792696
ROC_auc: 0.7146662835816863

RESULTADOS MULTILAYER PERCEPTRON 

Best Configuration: (100, 75, 50, 25)
Accuracy: 0.7125454545454547
Precision: 0.7451923904497605
Recall: 0.6723487544483986
F-measure: 0.7026555202880539
ROC_auc: 0.756190151990495

RESULTADOS KNN 

Best K: 24
Accuracy: 0.754
Precision: 0.7640440766109649
Recall: 0.7494852567361464
F-measure: 0.756492528859254
ROC_auc: 0.8330915153470932

RESULTADOS RANDOM FOREST 

Accuracy: 0.7458181818181819
Precision: 0.7492018087503519
Recall: 0.7551029486527706
F-measure: 0.7507933798626073
ROC_auc: 0.8415785134605333

