RESULTADOS NAIVE BAYES 

Accuracy: 0.5035085467891791
Precision: 0.5101793218946444
Recall: 0.7515067911714771
F-measure: 0.6053795088293512
ROC_auc: 0.4995168426225039

RESULTADOS MULTILAYER PERCEPTRON 

Best Configuration: (100, 75, 50, 25)
Accuracy: 0.507231832725904
Precision: 0.4613670503581801
Recall: 0.7632542118323103
F-measure: 0.5697302812501275
ROC_auc: 0.5042394902499244

RESULTADOS KNN 

Best K: 3
Accuracy: 0.49958934346286127
Precision: 0.5110836002399421
Recall: 0.5280462322058247
F-measure: 0.5192436642590946
ROC_auc: 0.4942570429510182

RESULTADOS RANDOM FOREST 

Accuracy: 0.4979338842975206
Precision: 0.506103568234259
Recall: 0.8289751208044926
F-measure: 0.6273826651221058
ROC_auc: 0.4735607985777329

